[camera]
x=-3.697741
y=22.3207
z=10.05554
yaw=-96
pitch=89
